10 5
10    5  4  2  3  1  10  6  7  8  9 
1    2  9  3  1  8  6  7  5  10  4 
2    10  2  3  9  5  8  7  4  6  1 
3    3  5  7  8  2  9  6  1  10  4 
4    6  10  3  7  9  5  8  1  4  2 
5    8  7  3  5  10  6  4  2  9  1 
6    1  5  7  2  9  10  3  6  8  4 
7    9  1  6  7  4  3  8  10  5  2 
8    4  7  8  3  10  1  9  5  6  2 
9    7  8  4  9  5  3  2  10  1  6 

10    7  2  3  8  1  5  6  9  10  4 
1    5  6  10  7  8  4  1  9  3  2 
2    8  1  3  10  5  4  2  6  7  9 
3    10  3  6  9  7  2  8  4  1  5 
4    6  8  10  9  1  2  4  7  3  5 
5    8  10  4  3  5  2  1  7  6  9 
6    9  4  1  7  3  5  2  8  10  6 
7    8  9  1  10  7  4  5  2  6  3 
8    10  5  3  4  9  2  7  1  8  6 
9    10  7  4  5  9  1  8  2  6  3 
